    1    0    1   8071.31689      0.000
    0    1    1   7288.97070      0.000
    1    1    2  13135.72168   1112.283
    2    1    3  14949.80566   2827.266
    1    2    3  14931.21484   2572.681
    2    2    4   2424.91577   7073.915
    3    2    5  11386.23340   5481.132
    2    3    5  11678.88574   5266.132
    4    2    6  17595.10547   4878.017
    3    3    6  14086.79297   5332.345
    2    4    6  18374.94727   4487.262
    5    2    7  26101.03711   4119.070
    4    3    7  14908.14063   5606.291
    3    4    7  15770.03418   5371.400
    2    5    7  27868.34570   3531.306
    6    2    8  31598.04492   3925.975
    5    3    8  20946.84375   5159.582
    4    4    8   4941.67188   7062.435
    3    5    8  22921.49023   4717.164
    2    6    8  35094.05859   3097.800
    7    2    9  40939.42969   3348.637
    6    3    9  24954.26367   5037.839
    5    4    9  11347.64844   6462.758
    4    5    9  12415.68066   6257.160
    3    6    9  28910.49023   4337.476
    8    2   10  48809.20313   3033.927
    7    3   10  33050.58203   4531.555
    6    4   10  12606.66992   6497.711
    5    5   10  12050.73145   6475.071
    4    6   10  15698.68164   6032.041
    8    3   11  40797.30859   4149.104
    7    4   11  20174.06445   5952.822
    6    5   11   8667.93066   6927.711
    5    6   11  10650.34180   6676.370
    4    7   11  24303.56836   5364.045
    8    4   12  25076.50586   5720.826
    7    5   12  13368.89941   6631.264
    6    6   12      0.00000   7680.144
    5    7   12  17338.08203   6170.108
    4    8   12  32047.95313   4879.090
    9    4   13  33247.82422   5273.070
    8    5   13  16562.16602   6496.402
    7    6   13   3125.01123   7469.849
    6    7   13   5345.48096   7238.863
    5    8   13  23112.42773   5811.994
    9    5   14  23663.68359   6101.645
    8    6   14   3019.89307   7520.319
    7    7   14   2863.41699   7475.614
    6    8   14   8007.35596   7052.308
   10    5   15  28972.27734   5879.050
    9    6   15   9873.14355   7100.169
    8    7   15    101.43805   7699.459
    7    8   15   2855.60498   7463.692
   11    5   16  37081.68750   5509.228
   10    6   16  13694.12891   6922.054
    9    7   16   5683.65820   7373.812
    8    8   16  -4737.00146   7976.206
    7    9   16  10680.25391   6963.731
    6   10   16  23996.46289   6082.572
   11    6   17  21038.83203   6557.616
   10    7   17   7871.36816   7286.153
    9    8   17   -808.81299   7750.731
    8    9   17   1951.70105   7542.328
    7   10   17  16460.90039   6642.825
   12    6   18  24926.17773   6425.747
   11    7   18  13114.46582   7038.490
   10    8   18   -781.52197   7767.025
    9    9   18    873.70099   7631.605
    8   10   18   5317.16602   7341.282
    7   11   18  24189.96875   6249.329
   13    6   19  32420.66602   6117.909
   12    7   19  15862.12891   6948.235
   11    8   19   3334.87012   7566.389
   10    9   19  -1487.38599   7779.015
    9   10   19   1751.43994   7567.375
    8   11   19  12926.80762   6938.021
   13    7   20  21765.10938   6709.240
   12    8   20   3797.46191   7568.505
   11    9   20    -17.40400   7720.131
   10   10   20  -7041.93115   8032.240
    9   11   20   6847.71924   7298.641
    8   12   20  17570.34766   6723.392
   14    7   21  25251.16406   6608.099
   13    8   21   8062.90576   7389.332
   12    9   21    -47.55100   7738.290
   11   10   21  -5731.77588   7971.713
   10   11   21  -2184.16089   7765.524
    9   12   21  10910.50586   7104.714
   14    8   22   9284.15234   7364.821
   13    9   22   2793.37793   7624.294
   12   10   22  -8024.71484   8080.465
   11   11   22  -5182.43604   7915.709
   10   12   22   -396.96301   7662.626
   14    9   23   3329.74707   7620.410
   13   10   23  -5154.04492   7955.255
   12   11   23  -9529.85352   8111.493
   11   12   23  -5473.76611   7901.126
   10   13   23   6769.56982   7334.792
   15    9   24   7559.52686   7462.957
   14   10   24  -5951.52100   7993.319
   13   11   24  -8418.11426   8063.496
   12   12   24 -13933.56738   8260.709
   11   13   24    -56.94600   7649.919
   10   14   24  10754.67285   7166.837
   16    9   25  11272.70605   7338.764
   15   10   25  -2108.07495   7842.701
   14   11   25  -9357.81836   8101.397
   13   12   25 -13192.82617   8223.504
   12   13   25  -8916.17188   8021.144
   11   14   25   3824.31812   7480.230
   16   10   26    429.61099   7753.891
   15   11   26  -6862.31592   8004.260
   14   12   26 -16214.58203   8333.872
   13   13   26 -12210.30859   8149.771
   12   14   26  -7144.63184   7924.847
   16   11   27  -5517.43604   7956.933
   15   12   27 -14586.65137   8263.854
   14   13   27 -17196.65820   8331.545
   13   14   27 -12384.30078   8124.334
   12   15   27   -717.03003   7663.237
   17   11   28   -989.24701   7799.297
   16   12   28 -15018.64063   8272.406
   15   13   28 -16850.44141   8309.886
   14   14   28 -21492.79688   8447.744
   13   15   28  -7158.75293   7907.873
   18   11   29   2665.00391   7682.668
   17   12   29 -10619.03223   8113.761
   16   13   29 -18215.32227   8348.725
   15   14   29 -21895.04688   8448.634
   14   15   29 -16952.62695   8251.228
   13   16   29  -3159.58203   7748.629
   19   11   30   8361.08984   7505.754
   18   12   30  -8910.67188   8055.401
   17   13   30 -15872.41895   8261.381
   16   14   30 -24432.92773   8520.653
   15   15   30 -20200.57422   8353.496
   14   16   30 -14062.53223   8122.817
   19   12   31  -3217.37988   7872.260
   18   13   31 -14953.62793   8225.611
   17   14   31 -22949.00586   8458.290
   16   15   31 -24440.88477   8481.178
   15   16   31 -19044.64844   8281.869
   14   17   31  -7067.16504   7870.261
   20   12   32   -954.78101   7807.774
   19   13   32 -11061.96582   8099.175
   18   14   32 -24080.90625   8481.569
   17   15   32 -24305.21875   8464.130
   16   16   32 -26015.69727   8493.134
   15   17   32 -13329.77148   8072.251
   14   18   32  -2200.20410   7700.003
   21   12   33   4894.06982   7638.522
   20   13   33  -8529.37695   8021.586
   19   14   33 -20492.66211   8360.402
   18   15   33 -26337.48633   8513.811
   17   16   33 -26585.99414   8497.634
   16   17   33 -21003.43164   8304.758
   15   18   33  -9384.14063   7928.950
   20   14   34 -19956.76953   8336.138
   19   15   34 -24557.66992   8448.449
   18   16   34 -29931.78711   8583.501
   17   17   34 -24439.77539   8398.961
   16   18   34 -18377.21680   8197.640
   21   14   35 -14360.30664   8168.673
   20   15   35 -24857.74023   8446.247
   19   16   35 -28846.35547   8537.855
   18   17   35 -29013.53906   8520.278
   17   18   35 -23047.41016   8327.465
   16   19   35 -11168.90039   7965.726
   21   15   36 -20250.97656   8307.866
   20   16   36 -30664.07422   8575.387
   19   17   36 -29521.85742   8521.927
   18   18   36 -30231.53906   8519.909
   17   19   36 -17426.17188   8142.472
   16   20   36  -6439.35889   7815.551
   22   15   37 -18994.14453   8267.505
   21   16   37 -26896.35938   8459.934
   20   17   37 -31761.53125   8570.280
   19   18   37 -30947.65820   8527.139
   18   19   37 -24800.19922   8339.847
   17   20   37 -13161.75977   8004.150
   22   16   38 -26861.19727   8448.782
   21   17   38 -29798.09766   8505.480
   20   18   38 -34714.55078   8614.273
   19   19   38 -28800.69141   8438.057
   18   20   38 -22059.22070   8240.062
   23   16   39 -23162.24414   8344.258
   22   17   39 -29800.20313   8494.402
   21   18   39 -33242.01172   8562.593
   20   19   39 -33807.01172   8557.020
   19   20   39 -27274.40039   8369.457
   18   21   39 -14168.02148   8013.336
   23   17   40 -27557.81055   8427.765
   22   18   40 -35039.89453   8595.259
   21   19   40 -33535.20313   8538.083
   20   20   40 -34846.27344   8551.301
   19   21   40 -20523.22852   8173.666
   24   17   41 -27307.18945   8412.958
   23   18   41 -33067.46875   8534.371
   22   19   41 -35559.07422   8576.061
   21   20   41 -35137.75781   8546.703
   20   21   41 -28642.39258   8369.198
   24   18   42 -34422.67578   8555.613
   23   19   42 -35021.55469   8551.245
   22   20   42 -38547.07031   8616.559
   21   21   42 -32121.23828   8444.935
   20   22   42 -25121.55273   8259.649
   25   18   43 -32009.80859   8488.237
   24   19   43 -36593.23828   8576.635
   23   20   43 -38408.64063   8600.659
   22   21   43 -36187.92969   8530.821
   21   22   43 -29321.10352   8352.933
   26   18   44 -32673.05273   8493.836
   25   19   44 -35809.60547   8547.340
   24   20   44 -41468.48047   8658.170
   23   21   44 -37816.09375   8557.381
   22   22   44 -37548.46094   8533.518
   27   18   45 -29770.58984   8419.947
   26   19   45 -36608.18750   8554.508
   25   20   45 -40811.94922   8630.540
   24   21   45 -41067.79297   8618.840
   23   22   45 -39005.73828   8555.631
   22   23   45 -31879.62891   8379.887
   28   18   46 -29720.12695   8411.271
   27   19   46 -35418.32422   8518.137
   26   20   46 -43135.07813   8668.885
   25   21   46 -41757.11328   8621.922
   24   22   46 -44123.42188   8656.356
   23   23   46 -37073.01172   8486.079
   22   24   46 -29473.74219   8303.870
   28   19   47 -35696.27344   8514.544
   27   20   47 -42340.12109   8639.257
   26   21   47 -44332.12109   8664.995
   25   22   47 -44932.39453   8661.121
   24   23   47 -42002.05078   8582.127
   23   24   47 -34558.38672   8407.106
   29   19   48 -32123.93555   8430.887
   28   20   48 -44214.12891   8666.467
   27   21   48 -44496.10156   8656.043
   26   22   48 -48487.72656   8722.903
   25   23   48 -44475.38672   8623.013
   24   24   48 -42819.17969   8572.210
   30   19   49 -30319.26563   8386.719
   29   20   49 -41289.26563   8594.630
   28   21   49 -46552.36719   8686.074
   27   22   49 -48558.80078   8711.055
   26   23   49 -47956.94141   8682.806
   25   24   49 -45330.48438   8613.239
   24   25   49 -37615.58594   8439.826
   30   20   50 -39570.83203   8549.795
   29   21   50 -44536.88672   8633.469
   28   22   50 -51426.67188   8755.618
   27   23   50 -49221.55469   8695.869
   26   24   50 -50259.50000   8700.981
   25   25   50 -42626.81250   8532.680
   24   26   50 -34475.53906   8354.008
   31   20   51 -35863.25000   8467.716
   30   21   51 -43218.18359   8596.590
   29   22   51 -49727.84766   8708.890
   28   23   51 -52201.38281   8742.051
   27   24   51 -51448.80859   8711.954
   26   25   51 -48241.33984   8633.723
   25   26   51 -40222.33984   8461.147
   30   22   52 -49464.83594   8691.571
   29   23   52 -51441.30859   8714.535
   28   24   52 -55416.93359   8775.944
   27   25   52 -50705.44531   8670.294
   26   26   52 -48331.61328   8609.598
   30   23   53 -51848.83984   8710.088
   29   24   53 -55284.74219   8760.155
   28   25   53 -54687.90234   8734.133
   27   26   53 -50945.32422   8648.757
   26   27   53 -42644.82422   8477.382
   31   23   54 -49890.95313   8662.002
   30   24   54 -56932.54688   8777.914
   29   25   54 -55555.37109   8737.923
   28   26   54 -56252.45703   8736.344
   27   27   54 -48009.53906   8569.209
   26   28   54 -39210.77734   8391.781
   31   24   55 -55107.49219   8731.884
   30   25   55 -57710.57813   8764.988
   29   26   55 -57479.36719   8746.560
   28   27   55 -54027.55859   8669.575
   27   28   55 -45335.57813   8497.315
   32   24   56 -55281.24609   8723.191
   31   25   56 -56909.71094   8738.300
   30   26   56 -60605.35156   8790.323
   29   27   56 -56039.35156   8694.817
   28   28   56 -53903.67578   8642.709
   33   24   57 -52524.14063   8663.384
   32   25   57 -57486.80078   8736.723
   31   26   57 -60180.12891   8770.249
   30   27   57 -59344.20313   8741.858
   29   28   57 -56081.96875   8670.901
   28   29   57 -47309.57422   8503.274
   33   25   58 -55906.82813   8698.010
   32   26   58 -62153.41797   8792.221
   31   27   58 -59845.86719   8738.947
   30   28   58 -60227.69531   8732.041
   29   29   58 -51662.05469   8570.869
   28   30   58 -42297.69531   8395.926
   34   25   59 -55479.56250   8680.146
   33   26   59 -60663.11328   8754.743
   32   27   59 -62228.41016   8768.013
   31   28   59 -61155.64844   8736.570
   30   29   59 -56357.22266   8641.981
   29   30   59 -47260.50000   8474.539
   35   25   60 -53177.83203   8631.637
   34   26   60 -61411.83203   8755.831
   33   27   60 -61649.01172   8746.745
   32   28   60 -64472.07813   8780.757
   31   29   60 -58344.09766   8665.585
   30   30   60 -54187.76953   8583.273
   35   26   61 -58921.39063   8703.782
   34   27   61 -62898.42188   8756.154
   33   28   61 -64220.89063   8765.009
   32   29   61 -61983.64063   8715.507
   31   30   61 -56345.48047   8610.253
   30   31   61 -47090.48047   8445.706
   36   26   62 -58900.75000   8693.248
   35   27   62 -61431.50391   8721.448
   34   28   62 -66746.09375   8794.549
   33   29   62 -62797.83594   8718.249
   32   30   62 -61171.42969   8679.398
   31   31   62 -52000.42969   8518.860
   36   27   63 -61840.38672   8717.619
   35   28   63 -65512.55469   8763.489
   34   29   63 -65579.53125   8752.134
   33   30   63 -62213.02344   8686.279
   32   31   63 -56547.09375   8583.926
   37   27   64 -59792.68750   8675.525
   36   28   64 -67099.27344   8777.467
   35   29   64 -65424.24219   8739.070
   34   30   64 -66003.59375   8735.898
   33   31   64 -58834.32813   8611.654
   32   32   64 -54349.88281   8529.361
   38   27   65 -59169.93359   8656.649
   37   28   65 -65126.05078   8736.246
   36   29   65 -67263.66406   8757.096
   35   30   65 -65911.60156   8724.259
   34   31   65 -62657.17188   8662.154
   38   28   66 -66006.28125   8739.508
   37   29   66 -66258.27344   8731.472
   36   30   66 -68899.42969   8759.636
   35   31   66 -63724.42578   8669.373
   34   32   66 -61624.42578   8625.701
   39   28   67 -63742.67969   8695.750
   38   29   67 -67318.78125   8737.447
   37   30   67 -67880.43750   8734.154
   36   31   67 -66879.67969   8707.540
   35   32   67 -62657.80859   8632.850
   40   28   68 -63463.81641   8682.466
   39   29   68 -65567.03125   8701.890
   38   30   68 -70007.21875   8755.682
   37   31   68 -67086.11719   8701.220
   36   32   68 -66979.78125   8688.151
   35   33   68 -58899.23438   8557.814
   34   34   68 -54214.81250   8477.420
   41   28   69 -59978.64844   8623.099
   40   29   69 -65736.21094   8695.203
   39   30   69 -68417.97656   8722.731
   38   31   69 -69327.75781   8724.578
   37   32   69 -67100.60156   8680.962
   36   33   69 -63086.66406   8611.451
   35   34   69 -56301.53125   8501.777
   41   29   70 -62976.12891   8646.861
   40   30   70 -69564.64844   8729.806
   39   31   70 -68910.08594   8709.279
   38   32   70 -70563.10938   8721.717
   37   33   70 -64343.10938   8621.684
   36   34   70 -62046.21484   8577.695
   42   29   71 -62711.12891   8635.022
   41   30   71 -67326.89844   8689.014
   40   31   71 -70140.24219   8717.620
   39   32   71 -69907.73438   8703.326
   38   33   71 -67894.33594   8663.949
   37   34   71 -63116.33594   8585.635
   43   29   72 -59783.00000   8586.525
   42   30   72 -68131.38281   8691.609
   41   31   72 -68589.38281   8687.104
   40   32   72 -72585.91406   8731.745
   39   33   72 -68229.81250   8660.378
   38   34   72 -67894.40625   8644.854
   37   35   72 -59015.19922   8510.665
   36   36   72 -53940.91797   8429.323
   44   29   73 -58986.59375   8568.557
   43   30   73 -65410.34375   8645.837
   42   31   73 -69699.33594   8693.873
   41   32   73 -71297.53125   8705.049
   40   33   73 -70956.70313   8689.663
   39   34   73 -68217.64063   8641.425
   38   35   73 -63628.93750   8567.849
   37   36   73 -56551.75000   8460.184
   45   29   74 -56006.20313   8521.562
   44   30   74 -65708.88281   8642.107
   43   31   74 -68049.58594   8663.166
   42   32   74 -73422.43750   8725.200
   41   33   74 -70859.96875   8680.000
   40   34   74 -72212.73438   8687.708
   39   35   74 -65306.08203   8583.803
   38   36   74 -62331.50781   8533.034
   37   37   74 -51917.05078   8381.726
   45   30   75 -62469.02344   8591.299
   44   31   75 -68464.57813   8660.808
   43   32   75 -71856.42969   8695.602
   42   33   75 -73032.40625   8700.850
   41   34   75 -72169.01563   8678.907
   40   35   75 -69139.01563   8628.076
   39   36   75 -64323.62500   8553.439
   38   37   75 -57221.67578   8448.315
   47   29   76 -50975.98438   8443.527
   46   30   76 -62136.64063   8580.083
   45   31   76 -66296.64063   8624.526
   44   32   76 -73213.04688   8705.238
   43   33   76 -72289.50781   8682.792
   42   34   76 -75252.04688   8711.478
   41   35   76 -70289.17188   8635.883
   40   36   76 -69014.32031   8608.815
   39   37   76 -60479.83203   8486.225
   38   38   76 -54243.89453   8393.879
   46   31   77 -65992.34375   8613.390
   45   32   77 -71214.03125   8671.044
   44   33   77 -73916.57813   8695.981
   43   34   77 -74599.59375   8694.691
   42   35   77 -73234.91406   8666.808
   41   36   77 -70169.44531   8616.836
   40   37   77 -64824.53125   8537.261
   39   38   77 -57804.06250   8435.926
   48   30   78 -57342.57031   8505.576
   47   31   78 -63706.57031   8577.135
   46   32   78 -71862.21094   8671.665
   45   33   78 -72817.42188   8673.881
   44   34   78 -77026.08594   8717.808
   43   35   78 -73452.30469   8661.960
   42   36   78 -74179.72656   8661.256
   41   37   78 -66936.22656   8558.361
   40   38   78 -63173.92578   8500.096
   48   31   79 -62509.52734   8555.580
   47   32   79 -69488.52344   8634.019
   46   33   79 -73636.52344   8676.622
   45   34   79 -75917.60156   8695.593
   44   35   79 -76068.51563   8687.600
   43   36   79 -74442.73438   8657.118
   42   37   79 -70803.35938   8601.147
   41   38   79 -65476.57813   8523.816
   48   32   80 -69515.17188   8627.318
   47   33   80 -72159.28906   8650.590
   46   34   80 -77759.93750   8710.819
   45   35   80 -75889.46875   8677.659
   44   36   80 -77892.49219   8692.917
   43   37   80 -72172.85156   8611.642
   42   38   80 -70308.22656   8578.555
   48   33   81 -72533.30469   8648.056
   47   34   81 -76389.51563   8686.005
   46   35   81 -77974.83594   8695.918
   45   36   81 -77694.03906   8682.793
   44   37   81 -75454.82031   8645.490
   43   38   81 -71527.70313   8587.348
   42   39   81 -66017.33594   8509.661
   48   34   82 -77594.00781   8693.198
   47   35   82 -77496.46875   8682.468
   46   36   82 -80589.50781   8710.647
   45   37   82 -76188.20313   8647.431
   44   38   82 -76008.38281   8635.698
   49   34   83 -75340.65625   8658.557
   48   35   83 -79008.92969   8693.327
   47   36   83 -79981.71094   8695.621
   46   37   83 -79074.80469   8675.269
   45   38   83 -76795.43750   8638.381
   44   39   83 -72326.55469   8575.113
   43   40   83 -66458.55469   8494.988
   50   34   84 -75951.82813   8658.841
   49   35   84 -77799.33594   8671.522
   48   36   84 -82430.99219   8717.347
   47   37   84 -79750.02344   8676.117
   46   38   84 -80643.83594   8677.444
   45   39   84 -74157.85156   8590.916
   51   34   85 -72428.26563   8610.476
   50   35   85 -78610.26563   8674.001
   49   36   85 -81480.26563   8698.562
   48   37   85 -82167.32813   8697.441
   47   38   85 -81102.57031   8675.710
   46   39   85 -77842.12500   8628.148
   52   34   86 -70540.57031   8582.256
   51   35   86 -75639.57031   8632.450
   50   36   86 -83265.57031   8712.027
   49   37   86 -82747.01563   8696.901
   48   38   86 -84523.57813   8708.461
   47   39   86 -79283.57813   8638.434
   46   40   86 -77804.35156   8612.137
   45   41   86 -69826.35156   8510.272
   53   34   87 -66581.92969   8530.882
   52   35   87 -73856.92969   8605.510
   51   36   87 -80709.42969   8675.282
   50   37   87 -84597.79688   8710.983
   49   38   87 -84880.41406   8705.239
   48   39   87 -83018.72656   8674.848
   47   40   87 -79348.14844   8623.665
   46   41   87 -74183.14844   8555.305
   54   34   88 -63878.13672   8494.935
   53   35   88 -70732.13281   8563.931
   52   36   88 -79692.13281   8656.859
   51   37   88 -82609.00000   8681.115
   50   38   88 -87921.74219   8732.596
   49   39   88 -84299.14063   8682.540
   48   40   88 -83623.10156   8665.968
   46   42   88 -72700.08594   8524.062
   54   35   89 -68571.61719   8534.120
   53   36   89 -76726.61719   8616.959
   52   37   89 -81712.50000   8664.190
   51   38   89 -86209.14063   8705.924
   50   39   89 -87701.75000   8713.904
   49   40   89 -84868.88281   8673.284
   48   41   89 -80650.38281   8617.094
   47   42   89 -75003.89063   8544.860
   55   35   90 -64619.84766   8485.069
   54   36   90 -74969.84375   8591.377
   53   37   90 -79361.71094   8631.483
   52   38   90 -85941.60156   8695.900
   51   39   90 -86487.46094   8693.272
   50   40   90 -88767.26563   8709.910
   49   41   90 -82656.26563   8633.318
   48   42   90 -80167.26563   8596.969
   56   35   91 -61508.32422   8446.330
   55   36   91 -71310.32031   8545.447
   54   37   91 -77745.32031   8607.564
   53   38   91 -83645.28125   8663.802
   52   39   91 -86345.03125   8684.872
   51   40   91 -87890.39844   8693.257
   50   41   91 -86632.44531   8670.836
   49   42   91 -82204.16406   8613.577
   57   35   92 -56580.14453   8388.687
   56   36   92 -68785.04688   8512.845
   55   37   92 -74772.04688   8569.417
   54   38   92 -82867.70313   8648.910
   53   39   92 -84813.32813   8661.554
   52   40   92 -88453.88281   8692.622
   51   41   92 -86448.33594   8662.318
   50   42   92 -86805.00000   8657.692
   49   43   92 -78934.64844   8563.640
   56   37   93 -72617.52344   8540.895
   55   38   93 -80084.60938   8612.773
   54   39   93 -84223.15625   8648.862
   53   40   93 -87117.03906   8671.566
   52   41   93 -87208.28125   8664.135
   51   42   93 -86803.49219   8651.370
   50   43   93 -83602.53125   8608.539
   49   44   93 -77265.53125   8531.987
   57   37   94 -68553.35156   8492.663
   56   38   94 -78840.42969   8593.777
   55   39   94 -82348.50000   8622.774
   54   40   94 -87266.83594   8666.774
   53   41   94 -86364.50000   8648.852
   52   42   94 -88409.71094   8662.287
   51   43   94 -84153.96094   8608.690
   50   44   94 -82567.89844   8583.494
   58   37   95 -65853.93750   8459.813
   57   38   95 -75116.82813   8549.082
   56   39   95 -81207.07031   8604.954
   55   40   95 -85657.76563   8643.569
   54   41   95 -86781.89844   8647.166
   53   42   95 -87707.49219   8648.674
   52   43   95 -86016.87500   8622.643
   51   44   95 -83449.82031   8587.386
   59   37   96 -61224.64453   8407.544
   58   38   96 -72938.96094   8521.419
   57   39   96 -78346.71094   8569.600
   56   40   96 -85442.78906   8635.368
   55   41   96 -85603.69531   8628.895
   54   42   96 -88790.49219   8653.941
   53   43   96 -85817.25781   8614.821
   52   44   96 -86072.06250   8609.326
   51   45   96 -79679.40625   8534.586
   60   37   97 -58356.31250   8374.508
   59   38   97 -68788.10938   8473.987
   58   39   97 -76257.69531   8542.927
   57   40   97 -82946.64844   8603.820
   56   41   97 -85605.64063   8623.167
   55   42   97 -87540.44531   8635.048
   54   43   97 -87220.10938   8623.680
   53   44   97 -86112.24219   8604.193
   52   45   97 -82589.24219   8559.808
   61   37   98 -54221.64453   8329.223
   60   38   98 -66645.66406   8448.016
   59   39   98 -72467.42188   8499.439
   58   40   98 -81286.92188   8581.450
   57   41   98 -83528.54688   8596.341
   56   42   98 -88111.72656   8635.125
   55   43   98 -86427.77344   8609.959
   54   44   98 -88224.46875   8620.309
   53   45   98 -83174.81250   8560.799
   52   46   98 -81299.95313   8533.685
   51   47   98 -73060.61719   8441.627
   50   48   98 -67630.61719   8378.235
   61   38   99 -62185.67578   8399.161
   60   39   99 -70200.92188   8472.220
   59   40   99 -77768.47656   8540.758
   58   41   99 -82326.95313   8578.900
   57   42   99 -85965.84375   8607.754
   56   43   99 -87323.14063   8613.562
   55   44   99 -87616.97656   8608.627
   54   45   99 -85574.39063   8580.093
   53   46   99 -82187.73438   8537.982
   61   39  100 -67294.30469   8439.145
   60   40  100 -76604.30469   8524.422
   59   41  100 -79939.30469   8549.948
   58   42  100 -86184.30469   8604.575
   57   43  100 -86016.22656   8595.070
   56   44  100 -89218.98438   8619.274
   55   45  100 -85584.22656   8575.103
   54   46  100 -85226.21875   8563.700
   53   47  100 -78148.38281   8485.098
   52   48  100 -74249.82813   8438.289
   62   39  101 -64912.23047   8411.918
   61   40  101 -73457.23438   8488.776
   60   41  101 -78942.23438   8535.337
   59   42  101 -83511.23438   8572.829
   58   43  101 -86335.84375   8593.049
   57   44  101 -87949.71875   8601.282
   56   45  101 -87408.02344   8588.173
   55   46  101 -85428.02344   8560.823
   63   39  102 -61892.47266   8378.974
   62   40  102 -71742.46875   8467.872
   61   41  102 -76347.46875   8505.349
   60   42  102 -83557.46875   8568.365
   59   43  102 -84565.66406   8570.579
   58   44  102 -89098.04688   8607.344
   57   45  102 -86775.00781   8576.900
   56   46  102 -87925.07813   8580.505
   55   47  102 -82264.89063   8517.343
   54   48  102 -79677.89063   8484.310
   62   41  103 -75317.02344   8491.131
   61   42  103 -80847.02344   8537.225
   60   43  103 -84597.02344   8566.037
   59   44  103 -87258.77344   8584.283
   58   45  103 -88022.18750   8584.100
   57   46  103 -87479.10938   8571.231
   56   47  103 -84791.36719   8537.541
   55   48  103 -80649.45313   8489.733
   54   49  103 -74599.45313   8423.399
   62   42  104 -80328.66406   8527.760
   61   43  104 -82486.16406   8540.983
   60   44  104 -88088.87500   8587.333
   59   45  104 -86949.82813   8568.858
   58   46  104 -89390.04688   8584.799
   57   47  104 -85111.39063   8536.135
   56   48  104 -83974.67188   8517.683
   55   49  104 -76106.62500   8434.506
   64   41  105 -70852.65625   8440.617
   63   42  105 -77337.65625   8494.928
   62   43  105 -82287.65625   8534.619
   61   44  105 -85927.65625   8561.835
   60   45  105 -87845.64063   8572.651
   59   46  105 -88412.82813   8570.602
   58   47  105 -87067.99219   8550.343
   57   48  105 -84330.10156   8516.817
   56   49  105 -79481.08594   8463.185
   55   50  105 -73262.53125   8396.509
   64   42  106 -76255.07813   8480.718
   63   43  106 -79775.07813   8506.545
   62   44  106 -86322.07813   8560.929
   61   45  106 -86361.47656   8553.920
   60   46  106 -89902.47656   8579.945
   59   47  106 -86937.34375   8544.591
   58   48  106 -87132.50000   8539.052
   57   49  106 -80606.45313   8470.105
   56   50  106 -77425.20313   8432.712
   62   45  107 -86863.28125   8554.099
   61   46  107 -88367.59375   8560.847
   60   47  107 -88401.74219   8553.854
   59   48  107 -86984.84375   8533.300
   58   49  107 -83559.57813   8493.977
   57   50  107 -78576.80469   8440.097
   62   46  108 -89524.30469   8567.024
   61   47  108 -87601.83594   8541.980
   60   48  108 -89252.32813   8550.018
   59   49  108 -84115.60156   8495.212
   58   50  108 -82040.98438   8468.758
   66   43  109 -74535.67188   8446.498
   65   44  109 -80850.67188   8497.257
   64   45  109 -85010.67188   8528.244
   63   46  109 -87606.59375   8544.883
   62   47  109 -88722.67188   8547.944
   61   48  109 -88508.42188   8538.801
   60   49  109 -86488.74219   8513.095
   59   50  109 -82639.15625   8470.600
   58   51  109 -76259.15625   8404.890
   57   52  109 -67612.01563   8318.381
   67   43  110 -70960.76563   8410.589
   66   44  110 -79981.76563   8485.485
   65   45  110 -82775.89844   8503.774
   64   46  110 -88349.17188   8547.328
   63   47  110 -87460.55469   8532.138
   62   48  110 -90352.99219   8551.320
   61   49  110 -86474.99219   8508.954
   60   50  110 -85843.89063   8496.104
   58   52  110 -72277.11719   8358.545
   67   44  111 -76665.67969   8451.880
   66   45  111 -82357.19531   8496.106
   65   46  111 -86004.15625   8521.914
   64   47  111 -88220.71875   8534.834
   63   48  111 -89257.51563   8537.127
   62   49  111 -88395.72656   8522.315
   61   50  111 -85944.79688   8493.186
   60   51  111 -80888.14844   8440.583
   59   52  111 -73484.91406   8366.839
   68   44  112 -75483.61719   8437.928
   67   45  112 -79741.32813   8468.958
   66   46  112 -86336.39844   8520.857
   65   47  112 -86624.46094   8516.444
   64   48  112 -90580.51563   8544.780
   63   49  112 -87996.07031   8514.720
   62   50  112 -88661.26563   8513.674
   61   51  112 -81600.72656   8443.648
   69   44  113 -72202.71094   8405.649
   68   45  113 -78682.71094   8456.070
   67   46  113 -83692.03125   8493.477
   66   47  113 -87032.67188   8516.117
   65   48  113 -89049.28125   8527.040
   64   49  113 -89369.61719   8522.951
   63   50  113 -88333.03906   8506.854
   62   51  113 -84419.74219   8465.300
   61   52  113 -78347.03125   8404.636
   60   53  113 -71128.33594   8333.830
   59   54  113 -62092.29688   8246.942
   68   46  114 -83496.66406   8488.060
   67   47  114 -84948.80469   8493.936
   66   48  114 -90020.93750   8531.565
   65   49  114 -88572.15625   8511.994
   64   50  114 -90560.89844   8522.576
   63   51  114 -84515.38281   8462.683
   62   52  114 -81888.57031   8432.778
   60   54  114 -67085.91406   8289.205
   70   45  115 -74208.39844   8410.472
   69   46  115 -80403.00000   8457.535
   68   47  115 -84987.00000   8490.593
   67   48  115 -88090.48438   8510.777
   66   49  115 -89536.61719   8516.549
   65   50  115 -90035.97656   8514.088
   64   51  115 -87003.40625   8480.915
   63   52  115 -82062.75781   8431.150
   62   53  115 -76337.79688   8374.564
   61   54  115 -68656.77344   8300.970
   70   46  116 -79960.68750   8450.393
   69   47  116 -82567.68750   8466.122
   68   48  116 -88719.39063   8512.410
   67   49  116 -88250.01563   8501.619
   66   50  116 -91528.10938   8523.134
   65   51  116 -86821.17969   8475.813
   64   52  116 -85268.96094   8455.687
   63   53  116 -77492.25781   8381.902
   62   54  116 -73046.75000   8336.835
   71   46  117 -76530.30469   8417.833
   70   47  117 -82265.30469   8460.163
   69   48  117 -86425.30469   8489.032
   68   49  117 -88945.03906   8503.882
   67   50  117 -90399.95313   8509.630
   66   51  117 -88644.75000   8487.942
   65   52  117 -85096.89844   8450.931
   64   53  117 -80434.50781   8404.395
   63   54  117 -74185.35938   8344.297
   62   55  117 -66442.81250   8271.435
   71   47  118 -79565.64063   8433.990
   70   48  118 -86708.55469   8487.893
   69   49  118 -87230.34375   8485.685
   68   50  118 -91656.06250   8516.561
   67   51  118 -87999.42188   8478.942
   66   52  118 -87721.04688   8469.953
   65   53  118 -80971.04688   8406.119
   64   54  118 -78079.07813   8374.981
   63   55  118 -68409.39063   8286.405
   72   47  119 -78557.49219   8422.470
   71   48  119 -83907.49219   8460.854
   70   49  119 -87704.49219   8486.187
   69   50  119 -90068.35938   8499.477
   68   51  119 -89477.44531   8487.937
   67   52  119 -87184.44531   8462.094
   66   53  119 -83765.53125   8426.789
   65   54  119 -78794.43750   8378.441
   64   55  119 -72305.07813   8317.334
   73   47  120 -75649.06250   8395.307
   72   48  120 -83974.06250   8458.162
   71   49  120 -85735.07031   8466.318
   70   50  120 -91105.07031   8504.548
   69   51  120 -88424.46875   8475.690
   68   52  120 -89404.58594   8477.338
   67   53  120 -83789.58594   8424.027
   66   54  120 -82172.44531   8404.032
   65   55  120 -73888.66406   8328.480
   73   48  121 -81061.06250   8430.891
   72   49  121 -85841.06250   8463.929
   71   50  121 -89204.07813   8485.257
   70   51  121 -89595.10938   8482.023
   69   52  121 -88551.14844   8466.930
   68   53  121 -86287.25781   8441.754
   67   54  121 -82472.77344   8403.764
   66   55  121 -77100.49219   8352.899
   74   48  122 -80730.32031   8425.233
   73   49  122 -83577.35938   8442.156
   72   50  122 -89945.95313   8487.945
   71   51  122 -88330.17188   8468.288
   70   52  122 -90314.03125   8478.137
   69   53  122 -86080.03125   8437.019
   68   54  122 -85355.00000   8424.664
   67   55  122 -78139.83594   8359.110
   66   56  122 -74608.94531   8323.756
   75   48  123 -77311.21094   8394.558
   74   49  123 -83426.21094   8437.912
   73   50  123 -87820.47656   8467.278
   72   51  123 -89224.10938   8472.329
   71   52  123 -89171.89063   8465.544
   70   53  123 -87943.31250   8449.195
   69   54  123 -85248.55469   8420.926
   68   55  123 -81043.67188   8380.379
   67   56  123 -75654.97656   8330.208
   76   48  124 -76710.75000   8387.108
   75   49  124 -80876.75000   8414.396
   74   50  124 -88236.75000   8467.441
   73   51  124 -87620.28906   8456.161
   72   52  124 -90524.54688   8473.273
   71   53  124 -87364.96094   8441.483
   70   54  124 -87660.10156   8437.554
   69   55  124 -81731.33594   8383.432
   68   56  124 -79089.79688   8355.820
   67   57  124 -70258.60938   8278.292
   77   48  125 -73358.53125   8357.764
   76   49  125 -80480.53125   8408.482
   75   50  125 -85898.53125   8445.567
   74   51  125 -88255.50000   8458.164
   73   52  125 -89022.20313   8458.039
   72   53  125 -88836.42969   8450.294
   71   54  125 -87192.06250   8430.880
   70   55  125 -84087.57813   8399.785
   69   56  125 -79667.96875   8358.170
   68   57  125 -73759.39063   8304.642
   78   48  126 -72327.41406   8347.307
   77   49  126 -77813.41406   8384.638
   76   50  126 -86020.41406   8443.564
   75   51  126 -86398.41406   8440.355
   74   52  126 -90064.57813   8463.242
   73   53  126 -87910.53906   8439.937
   72   54  126 -89168.53906   8443.712
   71   55  126 -84344.93750   8399.221
   70   56  126 -82669.92969   8379.718
   69   57  126 -74973.46875   8312.426
   68   58  126 -70820.55469   8273.257
   79   48  127 -68517.10156   8315.132
   78   49  127 -76985.10156   8375.649
   77   50  127 -83499.10156   8420.780
   76   51  127 -86700.10156   8439.824
   75   52  127 -88281.10156   8446.113
   74   53  127 -88983.12500   8445.481
   73   54  127 -88320.79688   8434.105
   72   55  127 -86240.02344   8411.561
   71   56  127 -82815.59375   8378.437
   70   57  127 -77895.76563   8333.538
   69   58  127 -71975.60938   8280.762
   79   49  128 -74359.00000   8352.755
   78   50  128 -83334.60156   8416.765
   77   51  128 -84608.53125   8420.605
   76   52  128 -88992.09375   8448.740
   75   53  128 -87737.93750   8432.829
   74   54  128 -89860.03906   8443.296
   73   55  128 -85931.37500   8406.491
   72   56  128 -85401.51563   8396.240
   71   57  128 -78631.89844   8337.240
   70   58  128 -75533.92188   8306.925
   69   59  128 -66330.75781   8228.913
   80   49  129 -72938.79688   8339.564
   79   50  129 -80593.79688   8392.840
   78   51  129 -84627.67969   8418.046
   77   52  129 -87003.17969   8430.396
   76   53  129 -88503.36719   8435.960
   75   54  129 -88697.38281   8431.400
   74   55  129 -87500.42188   8416.056
   73   56  129 -85064.55469   8391.109
   72   57  129 -81326.11719   8356.064
   71   58  129 -76287.49219   8310.940
   70   59  129 -69773.56250   8254.380
   81   49  130 -69889.94531   8314.048
   80   50  130 -80138.94531   8386.868
   79   51  130 -82291.60156   8397.409
   78   52  130 -87351.40625   8430.312
   77   53  130 -86932.38281   8421.071
   76   54  130 -89881.71094   8437.740
   75   55  130 -86900.42188   8408.789
   74   56  130 -87261.60156   8405.549
   73   57  130 -81628.00781   8356.196
   72   58  130 -79422.90625   8333.216
   71   59  130 -71175.45313   8263.756
   70   60  130 -66596.23438   8222.513
   82   49  131 -68137.14063   8298.814
   81   50  131 -77314.21875   8362.896
   80   51  131 -81987.98438   8392.602
   79   52  131 -85209.47656   8411.221
   78   53  131 -87444.35938   8422.309
   77   54  131 -88415.21094   8423.748
   76   55  131 -88059.78906   8415.063
   75   56  131 -86683.78906   8398.587
   74   57  131 -83769.25781   8370.367
   73   58  131 -79715.39063   8333.449
   72   59  131 -74278.26563   8285.972
   71   60  131 -67768.98438   8230.311
   83   49  132 -62419.17188   8253.773
   82   50  132 -76554.17188   8354.930
   81   51  132 -79673.57031   8372.634
   80   52  132 -85182.17969   8408.440
   79   53  132 -85699.89063   8406.435
   78   54  132 -89280.47656   8427.633
   77   55  132 -87155.92969   8405.612
   76   56  132 -88434.84375   8409.373
   75   57  132 -83740.24219   8367.881
   74   58  132 -82474.02344   8352.362
   73   59  132 -75213.48438   8291.431
   72   60  132 -71425.80469   8256.810
   83   50  133 -70952.60156   8310.680
   82   51  133 -78942.60156   8364.873
   81   52  133 -82944.60156   8389.081
   80   53  133 -85886.60156   8405.319
   79   54  133 -87643.60156   8412.647
   78   55  133 -88070.96094   8409.978
   77   56  133 -87553.46094   8400.205
   76   57  133 -85494.38281   8378.841
   75   58  133 -82423.22656   8349.867
   74   59  133 -77937.60938   8310.258
   73   60  133 -72332.37500   8262.231
   72   61  133 -65407.64453   8204.283
   84   50  134 -66795.78906   8277.873
   83   51  134 -74165.78906   8327.034
   82   52  134 -82559.49219   8383.836
   81   53  134 -84072.49219   8389.288
   80   54  134 -88124.49219   8413.689
   79   55  134 -86891.17969   8398.646
   78   56  134 -88949.86719   8408.171
   77   57  134 -85218.64844   8374.488
   76   58  134 -84835.98438   8365.794
   75   59  134 -78514.00781   8312.777
   74   60  134 -75646.46094   8285.538
   73   61  134 -66738.75000   8213.225
   83   52  135 -77827.63281   8346.470
   82   53  135 -83789.63281   8384.838
   81   54  135 -86417.03125   8398.505
   80   55  135 -87581.85156   8401.338
   79   56  135 -87850.51563   8397.533
   78   57  135 -86650.51563   8382.849
   77   58  135 -84624.92969   8362.049
   76   59  135 -80935.89063   8328.928
   75   60  135 -76213.75781   8288.154
   74   61  135 -69977.55469   8236.165
   84   52  136 -74425.21094   8319.429
   83   53  136 -79499.29688   8350.986
   82   54  136 -86425.14063   8396.158
   81   55  136 -86338.71094   8389.770
   80   56  136 -88886.93750   8402.755
   79   57  136 -86036.94531   8376.046
   78   58  136 -86468.32813   8373.466
   77   59  136 -81327.24219   8329.911
   76   60  136 -79199.31250   8308.512
   75   61  136 -71197.96875   8243.926
   74   62  136 -66810.91406   8205.916
   84   53  137 -76502.82031   8327.072
   83   54  137 -82379.35156   8364.256
   82   55  137 -86545.60156   8388.956
   81   56  137 -87721.22656   8391.827
   80   57  137 -87100.65625   8381.586
   79   58  137 -85878.55469   8366.955
   78   59  137 -83177.33594   8341.528
   77   60  137 -79580.19531   8309.561
   76   61  137 -74072.87500   8263.651
   75   62  137 -68025.38281   8213.798
   85   53  138 -72330.89063   8294.988
   84   54  138 -80150.89063   8345.985
   83   55  138 -82887.40625   8360.146
   82   56  138 -88261.63281   8393.420
   81   57  138 -86524.67969   8375.164
   80   58  138 -87568.52344   8377.059
   79   59  138 -83131.52344   8339.238
   78   60  138 -82018.08594   8325.500
   77   61  138 -74940.29688   8268.543
   76   62  138 -71497.78906   8237.928
   75   63  138 -61749.66797   8161.620
   86   53  139 -68837.89063   8268.249
   85   54  139 -75643.89063   8311.585
   84   55  139 -80700.91406   8342.338
   83   56  139 -84913.74219   8367.017
   82   57  139 -87231.36719   8378.063
   81   58  139 -86952.49219   8370.428
   80   59  139 -84823.33594   8349.482
   79   60  139 -81991.69531   8323.482
   78   61  139 -77496.50000   8285.514
   77   62  139 -72380.25000   8243.078
   76   63  139 -65398.07031   8187.218
   86   54  140 -72990.99219   8290.919
   85   55  140 -77050.99219   8314.331
   84   56  140 -83271.36719   8353.174
   83   57  140 -84321.03125   8355.083
   82   58  140 -88083.28125   8376.368
   81   59  140 -84695.28125   8346.580
   80   60  140 -84251.77344   8337.824
   79   61  140 -78206.57031   8289.056
   78   62  140 -75455.96094   8263.820
   77   63  140 -66985.96094   8197.732
   76   64  140 -61782.27344   8154.975
   87   54  141 -68326.89844   8256.283
   86   55  141 -74476.89844   8294.351
   85   56  141 -79725.63281   8326.028
   84   57  141 -82938.21875   8343.264
   83   58  141 -85440.10156   8355.459
   82   59  141 -86020.89063   8354.029
   81   60  141 -84197.88281   8335.552
   80   61  141 -80522.94531   8303.940
   79   62  141 -75938.66406   8265.879
   78   63  141 -69926.58594   8217.691
   77   64  141 -63224.22266   8164.608
   87   55  142 -70515.09375   8264.881
   86   56  142 -77823.14844   8310.836
   85   57  142 -80034.77344   8320.902
   84   58  142 -84538.47656   8347.108
   83   59  142 -83792.72656   8336.347
   82   60  142 -85955.19531   8346.066
   81   61  142 -81156.90625   8306.766
   80   62  142 -78992.89063   8286.017
   79   63  142 -71319.89063   8226.472
   78   64  142 -66959.51563   8190.256
   88   55  143 -67671.40625   8243.641
   87   56  143 -73935.73438   8281.977
   86   57  143 -78187.07031   8306.235
   85   58  143 -81612.00000   8324.715
   84   59  143 -83073.50000   8329.464
   83   60  143 -84007.44531   8330.524
   82   61  143 -82965.73438   8317.769
   81   62  143 -79523.18750   8288.224
   80   63  143 -74242.39063   8245.824
   78   65  143 -60434.39844   8138.323
   89   55  144 -63269.94531   8211.879
   88   56  144 -71768.95313   8265.467
   87   57  144 -74892.44531   8281.725
   86   58  144 -80436.99219   8314.795
   85   59  144 -80755.64844   8311.575
   84   60  144 -83753.16406   8326.959
   83   61  144 -81421.10938   8305.331
   82   62  144 -81971.96094   8303.723
   81   63  144 -75621.64063   8254.191
   80   64  144 -71759.50781   8221.937
   79   65  144 -62368.17969   8151.287
   78   66  144 -56584.53516   8105.690
   90   55  145 -60056.98438   8188.751
   89   56  145 -67414.98438   8234.100
   88   57  145 -72986.83594   8267.131
   87   58  145 -77096.83594   8290.081
   86   59  145 -79631.83594   8302.168
   85   60  145 -81437.13281   8309.223
   84   61  145 -81273.76563   8302.701
   83   62  145 -80657.73438   8293.057
   82   63  145 -77998.42969   8269.321
   81   64  145 -72927.35938   8228.953
   80   65  145 -65880.84375   8174.961
   79   66  145 -58288.23828   8117.202
   91   55  146 -55620.04297   8157.557
   90   56  146 -65000.05078   8216.445
   89   57  146 -69122.94531   8239.325
   88   58  146 -75675.49219   8278.847
   87   59  146 -76713.80469   8280.600
   86   60  146 -80931.04688   8304.127
   85   61  146 -79459.88281   8288.692
   84   62  146 -81001.88281   8293.895
   83   63  146 -77122.28125   8261.964
   82   64  146 -76093.17969   8249.557
   81   65  146 -67769.36719   8187.186
   80   66  146 -62554.13672   8146.107
   92   55  147 -52019.27344   8132.475
   90   57  147 -66848.40625   8222.709
   89   58  147 -72028.75000   8252.628
   88   59  147 -75454.75000   8270.612
   87   60  147 -78151.93750   8283.638
   86   61  147 -79047.93750   8284.411
   85   62  147 -79272.07813   8280.614
   84   63  147 -77550.50000   8263.580
   83   64  147 -75363.06250   8243.378
   82   65  147 -70752.01563   8206.688
   81   66  147 -64187.85547   8156.712
   80   67  147 -55837.47656   8094.584
   92   56  148 -58013.40234   8167.277
   91   57  148 -63128.40234   8196.551
   90   58  148 -70390.75781   8240.335
   89   59  148 -72530.75781   8249.508
   88   60  148 -77413.40625   8277.213
   87   61  148 -76871.89844   8268.268
   86   62  148 -79342.17188   8279.673
   85   63  148 -76302.50000   8253.849
   84   64  148 -76275.82813   8248.382
   83   65  148 -70540.45313   8204.344
   82   66  148 -67859.49219   8180.943
   91   58  149 -66695.07813   8214.397
   90   59  149 -71056.54688   8238.418
   89   60  149 -74380.87500   8255.479
   88   61  149 -76071.24219   8261.573
   87   62  149 -77141.92188   8263.508
   86   63  149 -76446.56250   8253.590
   85   64  149 -75133.45313   8239.527
   84   65  149 -71495.97656   8209.864
   83   66  149 -67715.15625   8179.238
   82   67  149 -61688.40234   8133.540
   81   68  149 -53741.61328   8074.955
   92   58  150 -64823.66406   8200.968
   91   59  150 -68303.66406   8218.952
   90   60  150 -73689.66406   8249.643
   89   61  150 -73603.33594   8243.852
   88   62  150 -77057.33594   8261.663
   87   63  150 -74797.27344   8241.380
   86   64  150 -75768.76563   8242.641
   85   65  150 -71110.54688   8206.371
   84   66  150 -69316.95313   8189.198
   83   67  150 -61947.90625   8134.855
   82   68  150 -57832.88672   8102.206
   92   59  151 -66770.77344   8207.823
   91   60  151 -70952.89844   8230.338
   90   61  151 -73395.23438   8241.331
   89   62  151 -74582.48438   8244.012
   88   63  151 -74659.09375   8239.339
   87   64  151 -74194.91406   8231.084
   86   65  151 -71629.52344   8208.913
   85   66  151 -68758.60156   8184.719
   84   67  151 -63632.08594   8145.588
   83   68  151 -58265.97266   8104.869
   82   69  151 -50781.80078   8050.124
   92   60  152 -70158.06250   8224.062
   91   61  152 -71262.27344   8226.180
   90   62  152 -74768.76563   8244.102
   89   63  152 -72894.50000   8226.624
   88   64  152 -74714.20313   8233.449
   87   65  152 -70724.20313   8202.052
   86   66  152 -70124.45313   8192.959
   85   67  152 -63608.26563   8144.942
   84   68  152 -60500.17188   8119.347
   83   69  152 -51770.57422   8056.769
   93   60  153 -67348.66406   8204.702
   92   61  153 -70684.66406   8221.392
   91   62  153 -72565.84375   8228.574
   90   63  153 -73373.46875   8228.740
   89   64  153 -72889.82813   8220.465
   88   65  153 -71320.21875   8205.093
   87   66  153 -69149.76563   8185.793
   86   67  153 -65019.41016   8153.684
   85   68  153 -60487.96875   8118.954
   84   69  153 -54015.37109   8071.536
   93   61  154 -68498.39844   8206.221
   92   62  154 -72461.59375   8226.876
   91   63  154 -71744.37500   8217.139
   90   64  154 -73713.21875   8224.843
   89   65  154 -70161.97656   8196.703
   88   66  154 -70398.16406   8193.157
   87   67  154 -64644.21484   8150.713
   86   68  154 -62612.15625   8132.438
   85   69  154 -54429.23438   8074.222
   84   70  154 -49933.73438   8039.950
   94   61  155 -66973.24219   8195.511
   93   62  155 -70197.24219   8211.264
   92   63  155 -71824.46875   8216.715
   91   64  155 -72077.12500   8213.297
   90   65  155 -71254.41406   8202.942
   89   66  155 -69159.91406   8184.382
   88   67  155 -66039.67188   8159.204
   87   68  155 -62215.46484   8129.484
   86   69  155 -56635.33984   8088.436
   85   70  155 -50503.43359   8043.828
   84   71  155 -42554.17188   7987.495
   95   61  156 -64220.23828   8177.068
   94   62  156 -69370.32813   8205.066
   93   63  156 -70092.82813   8204.682
   92   64  156 -72542.19531   8215.368
   91   65  156 -70097.52344   8194.682
   90   66  156 -70529.82813   8192.439
   89   67  156 -65354.55078   8154.249
   88   68  156 -64212.82031   8141.915
   87   69  156 -56839.82813   8089.637
   86   70  156 -53264.48828   8061.703
   85   71  156 -43749.92188   7995.697
   95   62  157 -66733.42969   8187.419
   94   63  157 -69467.42969   8199.850
   93   64  157 -70830.67969   8203.550
   92   65  157 -70770.62500   8198.184
   91   66  157 -69427.88281   8184.648
   90   67  157 -66828.92969   8163.111
   89   68  157 -63419.83984   8136.414
   88   69  157 -58709.27344   8101.428
   87   70  157 -53441.81641   8062.894
   86   71  157 -46483.13281   8013.588
   96   62  158 -65212.66797   8177.059
   95   63  158 -67211.67188   8184.759
   94   64  158 -70696.75000   8201.865
   93   65  158 -69477.21875   8189.195
   92   66  158 -70412.10938   8190.160
   91   67  158 -66191.02344   8158.493
   90   68  158 -65303.80859   8147.926
   89   69  158 -58703.19531   8101.199
   88   70  158 -56014.81641   8079.232
   87   71  158 -47214.37109   8018.581
   86   72  158 -42104.11719   7981.286
   96   63  159 -66053.30469   8176.760
   95   64  159 -68568.52344   8187.659
   94   65  159 -69539.04688   8188.842
   93   66  159 -69173.47656   8181.623
   92   67  159 -67335.87500   8165.145
   91   68  159 -64567.37500   8142.813
   90   69  159 -60570.39844   8112.754
   89   70  159 -55842.97266   8078.101
   88   71  159 -49714.97656   8034.640
   87   72  159 -42853.50391   7986.566
   86   73  159 -34448.35156   7928.783
   96   64  160 -67948.62500   8183.057
   95   65  160 -67842.93750   8177.507
   94   66  160 -69678.06250   8184.087
   93   67  160 -66388.06250   8158.635
   92   68  160 -66058.48438   8151.685
   91   69  160 -60302.31250   8110.820
   90   70  160 -58169.61719   8092.601
   89   71  160 -50269.93750   8038.338
   88   72  160 -45937.20313   8006.369
   87   73  160 -35875.50781   7938.593
   97   64  161 -65512.71094   8167.233
   96   65  161 -67468.18750   8174.520
   95   66  161 -68061.13281   8173.344
   94   67  161 -67202.84375   8163.153
   93   68  161 -65208.94922   8145.910
   92   69  161 -61898.70703   8120.490
   91   70  161 -57844.21484   8090.447
   90   71  161 -52562.34375   8052.781
   89   72  161 -46318.68359   8009.142
   98   64  162 -64287.28906   8159.077
   97   65  162 -65681.28906   8162.853
   96   66  162 -68186.80469   8173.490
   95   67  162 -66047.10938   8155.452
   94   68  162 -66342.61719   8152.447
   93   69  162 -61483.55859   8117.624
   92   70  162 -59831.52734   8102.597
   91   71  162 -52836.86719   8054.590
   90   72  162 -49173.10547   8027.145
   89   73  162 -39782.37891   7964.348
   88   74  162 -34001.93750   7923.837
   98   65  163 -64601.40234   8155.666
   97   66  163 -66386.50000   8161.818
   96   67  163 -66383.94531   8157.002
   95   68  163 -65174.07422   8144.780
   94   69  163 -62735.07422   8125.017
   93   70  163 -59304.21484   8099.170
   92   71  163 -54791.41016   8066.684
   91   72  163 -49286.28125   8028.110
   90   73  163 -42541.07813   7981.929
   89   74  163 -34909.09375   7930.308
   88   75  163 -26006.81445   7870.893
   98   66  164 -65973.29688   8158.746
   97   67  164 -64987.07031   8147.963
   96   68  164 -65949.56250   8149.061
   95   69  164 -61888.46094   8119.528
   94   70  164 -61022.71484   8109.478
   93   71  164 -54642.37109   8065.803
   92   72  164 -51821.53906   8043.833
   91   73  164 -43282.80078   7986.997
   90   74  164 -38233.74609   7951.440
   99   66  165 -63617.93359   8143.942
   98   67  165 -64904.57422   8146.998
   97   68  165 -64528.31250   8139.976
   96   69  165 -62935.93359   8125.584
   95   70  165 -60287.22266   8104.790
   94   71  165 -56442.27344   8076.745
   93   72  165 -51635.50781   8042.872
   92   73  165 -45855.10547   8003.098
   91   74  165 -38861.97656   7955.974
   90   75  165 -30656.81250   7901.504
  100   66  166 -62590.11719   8137.313
   99   67  166 -63076.89844   8135.532
   98   68  166 -64931.59375   8141.992
   97   69  166 -61893.92969   8118.980
   96   70  166 -61588.48047   8112.427
   95   71  166 -56020.98047   8074.175
   94   72  166 -53858.98438   8056.438
   93   73  166 -46097.77734   8004.971
   92   74  166 -41891.84375   7974.921
   90   76  166 -25438.40039   7866.378
  101   66  167 -59936.55078   8121.028
  100   67  167 -62286.55078   8130.415
   99   68  167 -63296.73438   8131.779
   98   69  167 -62548.31250   8122.613
   97   70  167 -60594.05469   8106.226
   96   71  167 -57501.12500   8083.021
   95   72  167 -53467.75781   8054.184
   94   73  167 -48351.05859   8018.861
   93   74  167 -42088.61328   7976.676
   91   76  167 -26502.89648   7873.979
   90   77  167 -17078.79688   7812.863
  101   67  168 -60066.73047   8116.850
  100   68  168 -62996.73047   8129.634
   99   69  168 -61317.66406   8114.982
   98   70  168 -61574.64453   8111.855
   97   71  168 -57064.15234   8080.350
   96   72  168 -55360.55078   8065.553
   95   73  168 -48393.90625   8019.428
   94   74  168 -44890.19141   7993.916
   93   75  168 -35794.88672   7935.120
   92   76  168 -29990.67969   7895.914
  102   67  169 -58803.09766   8109.103
  101   68  169 -60928.68359   8117.052
  100   69  169 -61279.96484   8114.501
   99   70  169 -60370.31250   8104.489
   98   71  169 -58077.31250   8086.292
   97   72  169 -54716.89063   8061.778
   96   73  169 -50290.42969   8030.957
   95   74  169 -44917.76953   7994.537
   94   75  169 -38385.84766   7951.257
   93   76  169 -30721.35156   7901.276
   92   77  169 -22081.11914   7845.521
  103   67  170 -56244.60547   8093.831
  102   68  170 -60114.60547   8111.994
  101   69  170 -59800.61328   8105.545
  100   70  170 -60768.95703   8106.639
   99   71  170 -57310.19922   8081.691
   98   72  170 -56253.85547   8070.875
   97   73  170 -50137.66406   8030.296
   96   74  170 -47293.36328   8008.962
   95   75  170 -38917.75391   7955.092
   94   76  170 -33927.78125   7921.137
   92   78  170 -16305.53320   7808.273
  103   68  171 -57724.86328   8097.781
  102   69  171 -59215.59375   8101.923
  101   70  171 -59312.13672   8097.913
  100   71  171 -57833.54297   8084.691
   99   72  171 -55431.34375   8066.068
   98   73  171 -51720.27344   8039.791
   97   74  171 -47086.08984   8008.115
   96   75  171 -41250.28125   7969.412
   95   76  171 -34293.12109   7924.152
   94   77  171 -26430.17188   7873.595
   93   78  171 -17470.59570   7816.624
   92   79  171  -7564.77295   7754.121
  104   68  172 -56489.41797   8090.444
  103   69  172 -57379.98828   8091.073
  102   70  172 -59260.28125   8097.457
  101   71  172 -56741.33594   8078.263
  100   72  172 -56403.54297   8071.751
   99   73  172 -51329.97656   8037.705
   98   74  172 -49097.18750   8020.175
   97   75  172 -41523.24219   7971.592
   96   76  172 -37238.05469   7942.129
   94   78  172 -21101.01367   7839.212
  104   69  173 -56258.87891   8084.479
  103   70  173 -57556.28125   8087.456
  102   71  173 -56885.77734   8079.058
  101   72  173 -55411.78516   8066.016
  100   73  173 -52396.53906   8044.064
   99   74  173 -48727.38281   8018.333
   98   75  173 -43553.86328   7983.906
   97   76  173 -37438.22656   7944.033
   96   77  173 -30271.93555   7898.087
   95   78  173 -21941.57031   7845.413
   94   79  173 -12819.79785   7788.163
  105   69  174 -53869.59766   8070.672
  104   70  174 -56949.59766   8083.876
  103   71  174 -55575.27734   8071.482
  102   72  174 -55846.62500   8068.545
  101   73  174 -51740.76563   8040.452
  100   74  174 -50227.08984   8027.256
   99   75  174 -43673.09766   7985.094
   98   76  174 -39996.30078   7959.466
   97   77  174 -30868.73828   7902.513
   96   78  174 -25319.15430   7866.122
   94   80  174  -6647.42480   7749.821
  106   69  175 -52315.63281   8061.795
  105   70  175 -54700.63281   8070.954
  104   71  175 -55170.69531   8069.169
  103   72  175 -54483.84766   8060.774
  102   73  175 -52408.64844   8044.445
  101   74  175 -49632.79688   8024.112
  100   75  175 -45288.30859   7994.816
   99   76  175 -40104.69531   7960.725
   98   77  175 -33428.62109   7918.105
   97   78  175 -25690.08984   7869.415
   96   79  175 -17443.05664   7817.818
  106   70  176 -53494.13281   8064.100
  105   71  176 -53387.35938   8059.049
  104   72  176 -54577.50781   8061.366
  103   73  176 -51365.37500   8038.670
  102   74  176 -50641.60156   8030.112
  101   75  176 -45062.88672   7993.970
  100   76  176 -42097.94141   7972.678
   99   77  176 -33861.02734   7921.433
   98   78  176 -28927.89844   7888.958
   96   80  176 -11779.13184   7782.632
  107   70  177 -50989.21484   8049.989
  106   71  177 -52389.03516   8053.478
  105   72  177 -52889.62109   8051.886
  104   73  177 -51723.62109   8040.878
  103   74  177 -49701.72656   8025.035
  102   75  177 -46269.17188   8001.222
  101   76  177 -41949.53125   7972.397
  100   77  177 -36047.42188   7934.632
   99   78  177 -29370.48828   7892.489
   98   79  177 -21550.19922   7843.887
   97   80  177 -12780.88184   7789.922
   96   81  177  -3327.96191   7732.096
  108   70  178 -49698.29688   8042.857
  107   71  178 -50343.00391   8042.083
  106   72  178 -52444.26172   8049.493
  105   73  178 -50507.26172   8034.216
  104   74  178 -50415.96094   8029.308
  103   75  178 -45653.45313   7998.157
  102   76  178 -43546.18750   7981.923
  101   77  178 -36251.88281   7936.549
  100   78  178 -31998.00781   7908.255
   99   79  178 -22326.12109   7849.524
   98   80  178 -16316.84570   7811.368
   96   82  178   3567.80005   7690.866
  108   71  179 -49064.17188   8035.102
  107   72  179 -50471.93750   8038.596
  106   73  179 -50366.31250   8033.636
  105   74  179 -49303.56250   8023.328
  104   75  179 -46586.21094   8003.776
  103   76  179 -43020.10156   7979.483
  102   77  179 -38077.36328   7947.500
  101   78  179 -32263.78125   7910.651
  100   79  179 -24952.10352   7865.433
   99   80  179 -16921.64844   7816.199
   98   81  179  -8300.46680   7763.666
  109   71  180 -46685.39844   8022.088
  108   72  180 -49788.39844   8034.981
  107   73  180 -48936.19531   8025.900
  106   74  180 -49644.47656   8025.488
  105   75  180 -45839.67188   8000.004
  104   76  180 -44358.85938   7987.431
  103   77  180 -37977.52734   7947.633
  102   78  180 -34435.95703   7923.611
  101   79  180 -25596.40820   7870.156
  100   80  180 -20244.72266   7836.078
   98   82  180  -1939.20898   7725.688
  109   72  181 -47411.88281   8022.052
  108   73  181 -48441.63281   8023.418
  107   74  181 -48253.95313   8018.059
  106   75  181 -46511.43750   8004.110
  105   76  181 -43552.93359   7983.442
  104   77  181 -39471.78125   7956.572
  103   78  181 -34374.65625   7924.088
  102   79  181 -27871.18750   7883.835
  101   80  181 -20661.17773   7839.679
  100   81  181 -12801.10547   7791.931
   99   82  181  -3144.76196   7734.258
  110   72  182 -46058.56250   8014.886
  109   73  182 -46433.25391   8012.647
  108   74  182 -48247.51953   8018.316
  106   76  182 -44609.07422   7989.728
  105   77  182 -39051.67969   7954.894
  104   78  182 -36169.30078   7934.758
  103   79  182 -28300.76758   7887.226
  102   80  182 -23576.14648   7856.968
  101   81  182 -13351.00684   7796.487
  100   82  182  -6826.13477   7756.338
  111   72  183 -43286.11719   8000.045
  110   73  183 -45296.11719   8006.753
  109   74  183 -46367.02344   8008.330
  108   75  183 -45811.02344   8001.017
  107   76  183 -43662.75391   7985.002
  106   77  183 -40197.26563   7961.790
  105   78  183 -35772.44141   7933.336
  104   79  183 -30186.89453   7898.538
  103   80  183 -23799.81836   7859.361
  102   81  183 -16587.29688   7815.674
  101   82  183  -7568.73389   7762.117
  112   72  184 -41501.30469   7990.732
  111   73  184 -42841.30469   7993.763
  110   74  184 -45707.30469   8005.087
  109   75  184 -44226.63281   7992.788
  108   76  184 -44256.14453   7988.696
  107   77  184 -39610.85156   7959.198
  106   78  184 -37332.18359   7942.562
  105   79  184 -30318.71094   7900.194
  104   80  184 -26349.12305   7874.368
  103   81  184 -16885.07813   7818.681
  102   82  184 -11045.33887   7782.692
  112   73  185 -41396.17578   7986.370
  111   74  185 -43389.67578   7992.917
  110   75  185 -43822.15234   7991.026
  109   76  185 -42809.35547   7981.323
  108   77  185 -40335.55469   7963.722
  107   78  185 -36683.16406   7939.750
  106   79  185 -31866.95703   7909.488
  105   80  185 -26175.83203   7874.496
  104   81  185 -19755.77148   7835.564
  103   82  185 -11541.26270   7786.932
  113   73  186 -38608.54297   7971.840
  112   74  186 -42509.54297   7988.607
  111   75  186 -41930.19141   7981.286
  110   76  186 -42999.48047   7982.829
  109   77  186 -39172.95313   7958.050
  108   78  186 -37864.47266   7946.809
  107   79  186 -31714.85352   7909.540
  106   80  186 -28539.30859   7888.261
  104   82  186 -14681.32813   7805.343
  103   83  186  -3169.29102   7739.245
  113   74  187 -39904.76953   7975.120
  112   75  187 -41215.71484   7977.947
  111   76  187 -41218.18359   7973.776
  110   77  187 -39715.77344   7961.558
  109   78  187 -36712.97266   7941.317
  108   79  187 -33005.12109   7917.305
  107   80  187 -28117.85742   7886.986
  106   81  187 -22443.51172   7852.458
  105   82  187 -14979.94141   7808.363
  104   83  187  -6373.43506   7758.155
  114   74  188 -38667.14844   7969.048
  113   75  188 -39016.14844   7966.743
  112   76  188 -41136.42578   7973.860
  111   77  188 -38328.07031   7954.761
  110   78  188 -37822.94922   7947.912
  109   79  188 -32300.80273   7914.378
  108   80  188 -30201.78320   7899.051
  107   81  188 -22346.74414   7853.108
  106   82  188 -17815.43945   7824.844
  105   83  188  -7204.96191   7764.244
  104   84  188   -538.35901   7724.622
  114   75  189 -37977.93359   7961.804
  113   76  189 -38985.37891   7962.995
  112   77  189 -38453.06250   7956.039
  111   78  189 -36483.18750   7941.477
  110   79  189 -33581.95313   7921.987
  109   80  189 -29630.79297   7896.942
  108   81  189 -24602.22070   7866.196
  107   82  189 -17878.16406   7826.480
  106   83  189 -10061.05469   7780.980
  105   84  189  -1415.34705   7731.096
  114   76  190 -38706.32422   7962.096
  113   77  190 -36751.19531   7947.688
  112   78  190 -37323.42188   7946.582
  111   79  190 -32881.42188   7919.086
  110   80  190 -31370.43555   7907.016
  109   81  190 -24333.27930   7865.860
  108   82  190 -20416.93555   7841.130
  106   84  190  -4563.21680   7749.454
  116   75  191 -34348.61719   7943.949
  115   76  191 -36393.73438   7950.560
  114   77  191 -36706.41016   7948.101
  113   78  191 -35697.96094   7938.725
  112   79  191 -33809.29688   7924.741
  111   80  191 -30592.96094   7903.805
  110   81  191 -26281.02734   7877.134
  109   82  191 -20246.02148   7841.441
  108   83  191 -13240.14453   7800.665
  107   84  191  -5053.83398   7753.708
  116   76  192 -35880.50781   7948.516
  115   77  192 -34833.20703   7938.986
  114   78  192 -36292.86328   7942.514
  113   79  192 -32776.52344   7920.125
  112   80  192 -32011.41797   7912.065
  111   81  192 -25872.24609   7876.016
  110   82  192 -22555.96875   7854.669
  109   83  192 -13545.82813   7803.666
  108   84  192  -8071.25684   7771.078
  117   76  193 -33392.60547   7936.261
  116   77  193 -34533.80859   7938.121
  115   78  193 -34477.01563   7933.773
  114   79  193 -33394.32422   7924.110
  113   80  193 -31050.96094   7907.914
  111   82  193 -22194.49023   7853.918
  110   83  193 -15872.87109   7817.110
  109   84  193  -8359.90234   7774.129
  108   85  193   -146.14000   7727.518
  118   76  194 -32432.68164   7932.010
  117   77  194 -32529.28125   7928.475
  116   78  194 -34763.12109   7935.957
  115   79  194 -32262.06250   7919.032
  114   80  194 -32192.98242   7914.643
  112   82  194 -24207.59961   7865.416
  111   83  194 -15990.06348   7819.025
  110   84  194 -11005.03711   7789.296
  118   77  195 -31689.82422   7924.902
  117   78  195 -32796.84766   7926.567
  116   79  195 -32570.02344   7921.392
  115   80  195 -31000.01563   7909.329
  114   81  195 -28155.02539   7890.727
  113   82  195 -23713.92773   7863.940
  112   83  195 -18023.72266   7830.748
  111   84  195 -11074.78516   7791.100
  110   85  195  -3476.24390   7748.121
  109   86  195   5065.18115   7700.307
  120   76  196 -28280.77930   7912.248
  119   77  196 -29438.43164   7914.163
  118   78  196 -32647.44727   7926.544
  117   79  196 -31140.01758   7914.861
  116   80  196 -31826.68359   7914.373
  115   81  196 -27496.63086   7888.289
  114   82  196 -25360.75391   7873.400
  113   83  196 -18009.03125   7831.900
  112   84  196 -13474.45117   7804.773
  111   85  196  -3923.37988   7752.051
  110   86  196   1970.31799   7717.990
  120   77  197 -28267.78320   7909.018
  119   78  197 -30422.42578   7915.984
  118   79  197 -31141.09180   7915.661
  117   80  197 -30540.97852   7908.643
  116   81  197 -28341.16016   7893.505
  115   82  197 -24748.74805   7871.298
  114   83  197 -19687.63477   7841.636
  113   84  197 -13357.96777   7805.535
  112   85  197  -6344.20508   7765.960
  111   86  197   1475.81396   7722.294
  120   78  198 -29907.67383   7914.169
  119   79  198 -29582.10352   7908.573
  118   80  198 -30954.44727   7911.553
  117   81  198 -27494.44727   7890.127
  116   82  198 -26050.19922   7878.882
  115   83  198 -19369.48633   7841.189
  114   84  198 -15473.40527   7817.561
  113   85  198  -6672.10303   7769.159
  112   86  198  -1230.81702   7737.726
  122   77  199 -24400.87305   7891.218
  121   78  199 -27392.35547   7902.319
  120   79  199 -29095.03516   7906.943
  119   80  199 -29547.05273   7905.284
  118   81  199 -28059.39453   7893.876
  117   82  199 -25227.97852   7875.717
  116   83  199 -20798.43359   7849.526
  115   84  199 -15214.96387   7817.537
  114   85  199  -8819.14844   7781.466
  113   86  199  -1518.05798   7740.846
  112   87  199   6760.92090   7695.312
  122   78  200 -26602.83789   7899.216
  121   79  200 -27268.88477   7898.635
  120   80  200 -29504.13672   7905.899
  119   81  200 -27048.09570   7889.707
  118   82  200 -26243.28320   7881.771
  117   83  200 -20370.07031   7848.494
  116   84  200 -16954.49023   7827.504
  115   85  200  -8987.73926   7783.758
  114   86  200  -4006.07593   7754.938
  113   87  200   6122.23486   7700.385
  123   78  201 -23741.11133   7885.835
  122   79  201 -26401.11133   7895.176
  121   80  201 -27663.25977   7897.564
  120   81  201 -27182.02734   7891.277
  119   82  201 -25257.91406   7877.812
  118   83  201 -21415.94336   7854.806
  117   84  201 -16524.92383   7826.580
  116   85  201 -10789.49609   7794.153
  115   86  201  -4072.17896   7756.841
  114   87  201   3596.37500   7714.797
  122   80  202 -27345.85938   7896.852
  121   81  202 -25983.27148   7886.234
  120   82  202 -25933.59961   7882.115
  119   83  202 -20732.89258   7852.496
  118   84  202 -17924.23438   7834.719
  117   85  202 -10590.86719   7794.542
  116   86  202  -6275.01709   7769.303
  115   87  202   3141.78711   7718.812
  114   88  202   9213.11523   7684.883
  124   79  203 -23143.39453   7880.864
  123   80  203 -25269.11914   7887.482
  122   81  203 -25761.19141   7886.052
  121   82  203 -24786.57031   7877.397
  120   83  203 -21539.86523   7857.549
  119   84  203 -17307.06250   7832.844
  118   85  203 -12163.46387   7803.652
  117   86  203  -6160.26123   7770.226
  116   87  203    861.30298   7731.783
  115   88  203   8636.45801   7689.628
  124   80  204 -24690.24219   7885.545
  123   81  204 -24345.97266   7880.022
  122   82  204 -25109.73438   7879.931
  121   83  204 -20667.30273   7854.320
  120   84  204 -18333.55078   7839.045
  119   85  204 -11875.31348   7803.552
  118   86  204  -7984.07715   7780.642
  117   87  204    608.45599   7734.687
  116   88  204   6054.40186   7704.156
  125   80  205 -22287.49609   7874.731
  124   81  205 -23820.59180   7878.393
  123   82  205 -23770.09180   7874.330
  122   83  205 -21061.66992   7857.302
  121   84  205 -17508.99219   7836.156
  120   85  205 -12971.53613   7810.205
  119   86  205  -7713.88916   7780.742
  118   87  205  -1309.71704   7745.686
  117   88  205   5839.13623   7706.997
  126   80  206 -20945.51172   7869.170
  125   81  206 -22253.09375   7871.720
  124   82  206 -23785.43945   7875.361
  123   83  206 -20027.93164   7853.323
  122   84  206 -18181.73828   7840.563
  121   85  206 -12419.57617   7808.793
  120   86  206  -9115.50293   7788.956
  119   87  206  -1242.55103   7746.940
  118   88  206   3565.07910   7719.805
  117   89  206  13511.30273   7667.724
  126   81  207 -21033.66602   7866.793
  125   82  207 -22451.90430   7869.865
  124   83  207 -20054.43359   7854.504
  123   84  207 -17145.84961   7836.673
  122   85  207 -13242.58203   7814.037
  121   86  207  -8631.01367   7787.980
  120   87  207  -2841.60205   7756.232
  119   88  207   3537.91211   7721.634
  118   89  207  11131.11914   7681.172
  127   81  208 -16749.47266   7847.180
  126   82  208 -21748.45508   7867.452
  125   83  208 -18870.02148   7849.852
  124   84  208 -17469.51563   7839.357
  123   85  208 -12491.35645   7811.663
  122   86  208  -9647.97559   7794.231
  121   87  208  -2665.20605   7756.899
  120   88  208   1713.89404   7732.084
  119   89  208  10760.20117   7684.831
  128   81  209 -13638.04785   7833.365
  127   82  209 -17614.43945   7848.647
  126   83  209 -18258.46094   7847.985
  125   84  209 -16365.94434   7835.187
  124   85  209 -12879.63379   7814.763
  123   86  209  -8928.61035   7792.115
  122   87  209  -3769.23901   7763.686
  121   88  209   1854.95203   7733.033
  120   89  209   8844.40918   7695.847
  119   90  209  16502.05273   7655.464
  129   81  210  -9246.29785   7813.585
  128   82  210 -14728.29199   7835.964
  127   83  210 -14791.77832   7832.541
  126   84  210 -15953.07129   7834.345
  125   85  210 -11971.83008   7811.662
  124   86  210  -9597.91309   7796.632
  123   87  210  -3346.16992   7763.136
  122   88  210    461.06900   7741.281
  121   89  210   8789.56543   7697.896
  120   90  210  14042.59082   7669.156
  129   82  211 -10491.45020   7817.000
  128   83  211 -11858.42090   7819.770
  127   84  211 -12432.50684   7818.783
  126   85  211 -11647.14844   7811.354
  125   86  211  -8755.55566   7793.941
  124   87  211  -4157.68213   7768.443
  123   88  211    836.46997   7741.066
  122   89  211   7204.95313   7707.176
  121   90  211  13905.72754   7671.711
  130   82  212  -7547.38916   7804.312
  129   83  212  -8117.29492   7803.310
  128   84  212 -10369.41992   7810.243
  127   85  212  -8621.19043   7798.306
  126   86  212  -8659.60645   7794.797
  125   87  212  -3537.58691   7766.946
  124   88  212   -191.42200   7747.472
  123   89  212   7278.52881   7708.546
  122   90  212  12091.06055   7682.156
  121   91  212  21614.51563   7633.543
  131   82  213  -3184.31299   7785.082
  130   83  213  -5230.64893   7791.016
  129   84  213  -6653.39990   7794.023
  128   85  213  -6579.47217   7790.003
  127   86  213  -5698.25781   7782.192
  126   87  213  -3549.84790   7768.433
  125   88  213    357.65601   7746.415
  124   89  213   6154.97998   7715.524
  123   90  213  12118.86816   7683.852
  122   91  213  19663.22461   7644.760
  132   82  214   -181.26100   7772.386
  131   83  214  -1200.19299   7773.492
  130   84  214  -4469.91309   7785.115
  129   85  214  -3379.70801   7776.365
  128   86  214  -4319.75293   7777.102
  127   87  214   -958.37201   7757.739
  126   88  214    100.50300   7749.135
  125   89  214   6428.98389   7715.907
  124   90  214  10711.96680   7692.237
  123   91  214  19485.38086   7647.584
  132   83  215   1648.53699   7761.627
  131   84  215   -540.27698   7768.169
  130   85  215  -1255.12305   7767.855
  129   86  215  -1168.57397   7763.814
  128   87  215    318.10300   7753.260
  127   88  215   2533.50903   7739.317
  126   89  215   6011.51416   7719.501
  125   90  215  10926.73340   7693.001
  124   91  215  17871.51953   7657.061
  133   83  216   5873.94824   7743.499
  132   84  216   1783.84399   7758.813
  131   85  216   2257.25000   7752.999
  130   86  216    255.57401   7758.644
  129   87  216   2978.90894   7742.414
  128   88  216   3291.00195   7737.347
  127   89  216   8122.69824   7711.356
  126   90  216  10304.29395   7697.634
  125   91  216  17800.44531   7659.308
  133   84  217   5900.82520   7741.281
  132   85  217   4395.55518   7744.612
  131   86  217   3658.60693   7744.403
  130   87  217   4314.63477   7737.774
  129   88  217   5887.34717   7726.921
  128   89  217   8706.59473   7710.324
  127   90  217  12215.91797   7690.547
  126   91  217  17068.68359   7664.579
  125   92  217  22699.38281   7635.026
  134   84  218   8358.33105   7731.521
  133   85  218   8098.72217   7729.124
  132   86  218   5217.53711   7738.751
  131   87  218   7059.16211   7726.715
  130   88  218   6651.08203   7724.998
  129   89  218  10843.94434   7702.176
  128   90  218  12374.43164   7691.567
  127   91  218  18668.90039   7659.104
  126   92  218  21923.33789   7640.587
  134   85  219  10397.04785   7720.191
  133   86  219   8830.75391   7723.771
  132   87  219   8618.32227   7721.169
  131   88  219   9394.19043   7714.054
  130   89  219  11569.51758   7700.548
  129   90  219  14472.52539   7683.720
  128   91  219  18521.02930   7661.662
  127   92  219  23212.04883   7636.669
  135   85  220  14352.16406   7703.810
  134   86  220  10613.42578   7717.248
  133   87  220  11482.90430   7709.740
  132   88  220  10272.87402   7711.684
  131   89  220  13751.62695   7692.315
  130   90  220  14668.94629   7684.589
  129   91  220  20376.71484   7655.089
  135   86  221  14472.41992   7701.388
  134   87  221  13278.22559   7703.252
  133   88  221  12963.91699   7701.134
  132   89  221  14523.15527   7690.539
  131   90  221  16937.98438   7676.072
  130   91  221  20379.21094   7656.961
  136   86  222  16373.55762   7694.491
  135   87  222  16349.33203   7691.076
  134   88  222  14321.28320   7696.687
  133   89  222  16621.44141   7682.802
  132   90  222  17202.94531   7676.659
  136   87  223  18383.83203   7683.658
  135   88  223  17234.66211   7685.303
  134   89  223  17826.43750   7679.141
  133   90  223  19385.73828   7668.640
  132   91  223  22320.71484   7651.971
  131   92  223  25838.33984   7632.688
  137   87  224  21657.18945   7670.775
  136   88  224  18827.18945   7679.917
  135   89  224  20234.72070   7670.140
  134   90  224  19996.28516   7667.712
  133   91  224  23870.22266   7646.925
  132   92  224  25713.68555   7635.203
  138   87  225  23814.03125   7662.970
  137   88  225  21994.03125   7667.581
  136   89  225  21638.22070   7665.686
  135   90  225  22310.23242   7659.222
  134   91  225  24340.57031   7646.721
  133   92  225  27377.27734   7629.747
  132   93  225  31590.62695   7607.544
  138   88  226  23669.09961   7661.956
  137   89  226  24310.21484   7655.658
  136   90  226  23197.06055   7657.121
  135   91  226  26033.16406   7641.110
  134   92  226  27328.82617   7631.916
  139   88  227  27178.98633   7648.297
  138   89  227  25850.94141   7650.701
  137   90  227  25806.17578   7647.452
  136   91  227  26831.75391   7639.488
  135   92  227  29021.97070   7626.393
  134   93  227  32562.03906   7607.351
  140   88  228  28941.79297   7642.421
  139   89  228  28895.98047   7639.191
  138   90  228  26772.18750   7645.074
  137   91  228  28924.17188   7632.204
  136   92  228  29224.69922   7627.455
  134   94  228  36088.24609   7590.489
  142   87  229  35816.15625   7617.691
  141   88  229  32562.77344   7628.482
  140   89  229  30753.50195   7632.966
  139   90  229  29586.51367   7634.646
  138   91  229  29897.97070   7629.869
  137   92  229  31210.58203   7620.721
  136   93  229  33779.51953   7606.087
  135   94  229  37399.68359   7586.862
  142   88  230  34517.80859   7621.907
  140   90  230  30863.97656   7630.990
  139   91  230  32174.50586   7621.891
  138   92  230  31614.70508   7620.923
  137   93  230  35236.17969   7601.776
  136   94  230  36933.63281   7590.994
  141   90  231  33817.27734   7620.112
  140   91  231  33425.72266   7618.420
  139   92  231  33807.36719   7613.381
  138   93  231  35625.06641   7602.125
  137   94  231  38285.43359   7587.222
  142   90  232  35448.30859   7615.026
  141   91  232  35947.83594   7609.501
  140   92  232  34610.73438   7611.892
  138   94  232  38365.53516   7588.963
  143   90  233  38733.23828   7602.886
  142   91  233  37490.09766   7604.864
  141   92  233  36919.95703   7603.953
  140   93  233  37949.57422   7596.176
  139   94  233  40051.79688   7583.796
  137   96  233  47293.09766   7546.002
  144   90  234  40614.28516   7596.849
  143   91  234  40341.19531   7594.673
  142   92  234  38146.62500   7600.708
  141   93  234  39956.47266   7589.630
  140   94  234  40349.59766   7584.607
  138   96  234  46723.59375   7550.681
  145   90  235  44255.35156   7583.374
  144   91  235  42330.45703   7588.236
  143   92  235  40920.45703   7590.907
  142   93  235  41044.66797   7587.049
  141   94  235  42183.68359   7578.873
  144   92  236  42446.32422   7586.477
  143   93  236  43379.30469   7579.209
  142   94  236  42902.71875   7577.913
  145   92  237  45391.87500   7576.094
  144   93  237  44873.27344   7574.982
  143   94  237  45093.30859   7570.752
  147   91  238  50768.94922   7558.870
  146   92  238  47308.94922   7570.120
  145   93  238  47456.27344   7566.214
  144   94  238  46164.74609   7568.354
  143   95  238  48423.08594   7555.578
  142   96  238  49395.91406   7548.203
  147   92  239  50573.88281   7558.557
  146   93  239  49312.38672   7560.561
  145   94  239  48589.87891   7560.311
  144   95  239  49391.98438   7553.681
  148   92  240  52715.09766   7551.771
  147   93  240  52314.73438   7550.180
  146   94  240  50126.99609   7556.036
  145   95  240  51511.78516   7547.006
  144   96  240  51725.43359   7542.856
  148   93  241  54261.78906   7544.263
  147   94  241  52956.78906   7546.432
  146   95  241  52936.00781   7543.272
  145   96  241  53703.42578   7536.841
  148   94  242  54718.39063   7541.321
  147   95  242  55469.68359   7534.984
  146   96  242  54805.21875   7534.497
  144   98  242  59337.61328   7509.302
  149   94  243  57755.50781   7531.004
  148   95  243  57176.10938   7530.169
  147   96  243  57183.59375   7526.918
  146   97  243  58691.17578   7517.495
  150   94  244  59805.55469   7524.817
  149   95  244  59880.94922   7521.301
  148   96  244  58453.65234   7523.944
  147   97  244  60715.50000   7511.468
  146   98  244  61479.24609   7505.132
  151   94  245  63106.06641   7513.576
  150   95  245  61899.74609   7515.306
  149   96  245  61004.70703   7515.766
  148   97  245  61815.44922   7509.264
  147   98  245  63386.87500   7499.657
  152   94  246  65395.19141   7506.538
  151   95  246  64994.64063   7504.986
  150   96  246  62618.43750   7511.465
  149   97  246  63968.43750   7502.797
  148   98  246  64091.73438   7499.115
  146  100  246  70140.58594   7468.166
  151   96  247  65533.90234   7501.928
  150   97  247  65490.62500   7498.936
  149   98  247  66136.62500   7493.153
  152   96  248  67392.20313   7496.731
  150   98  248  67239.76563   7491.036
  148  100  248  71906.41406   7465.910
  153   96  249  70750.14844   7485.552
  152   97  249  69849.62500   7486.027
  151   98  249  69725.62500   7483.383
  154   96  250  72989.03906   7478.940
  153   97  250  72951.36719   7475.961
  152   98  250  71171.79688   7479.950
  150  100  250  74073.57813   7462.084
  155   96  251  76647.61719   7466.724
  154   97  251  75227.61719   7469.264
  153   98  251  74134.61719   7470.502
  152   99  251  74512.20313   7465.881
  151  100  251  75986.64063   7456.890
  154   98  252  76033.98438   7465.349
  153   99  252  77293.98438   7457.244
  152  100  252  76817.38281   7456.031
  150  102  252  82881.09375   7425.760
  155   98  253  79301.01563   7454.831
  154   99  253  79013.69531   7452.874
  153  100  253  79349.53906   7448.455
  156   98  254  81340.76563   7449.228
  155   99  254  81991.98438   7443.584
  154  100  254  80904.18750   7444.786
  152  102  254  84724.27344   7423.586
  156   99  255  84088.87500   7437.822
  155  100  255  83799.25000   7435.890
  154  101  255  84842.99219   7428.729
  153  102  255  86853.55469   7417.776
  156  100  256  85486.10938   7431.783
  155  101  256  87615.42188   7420.409
  154  102  256  87823.74219   7416.539
  152  104  256  94235.70313   7385.381
  157  100  257  88589.48438   7422.196
  156  101  257  88996.21094   7417.569
  155  102  257  90240.52344   7409.683
  157  101  258  91688.18750   7409.669
  154  106  260 106583.47656   7342.424
  157  104  261 101315.39844   7371.396
  156  108  264 119599.06250   7298.239
  159  106  265 112817.60938   7332.652
